    0.9765
   -0.0528
    0.0162
   -0.0154
   -0.0420
   -0.0196
   -0.0640
   -0.0212
   -0.0029
   -0.0792
   -0.0277
   -0.0455
   -0.0468
   -0.0596
   -0.0333
   -0.0353
   -0.0658
   -0.0373
   -0.0140
   -0.0136
   -0.0466
   -0.0464
   -0.0519
   -0.0576
   -0.0560
   -0.0650
   -0.0335
   -0.0269
   -0.0666
   -0.0427
   -0.0737
   -0.0477
   -0.0661
   -0.0568
   -0.0612
   -0.0555
   -0.0143
   -0.0838
   -0.0402
   -0.0693
   -0.0700
   -0.0614
   -0.0746
   -0.0635
   -0.0595
   -0.0192
   -0.0680
   -0.0440
   -0.0551
   -0.0700
   -0.0694
   -0.0624
   -0.0882
   -0.0519
   -0.0149
   -0.0138
   -0.0686
   -0.0855
   -0.0865
   -0.0651
   -0.0731
   -0.0775
   -0.0642
   -0.0435
   -0.0171
   -0.0481
   -0.0605
   -0.0499
   -0.0499
   -0.0629
   -0.0626
   -0.0504
   -0.0135
   -0.0175
   -0.0224
   -0.0350
   -0.0199
   -0.0841
   -0.0201
   -0.0231
   -0.0222
   -0.0314